M20160411054092	13000.0	14000.0	24000	0
M20160321045256	69875.0	69875.0	69875	69875
M20160321045169	22375.0	26500.0	40000	6000
M20160314041942	6685.714286	6000.0	15600	1000
M20160311041479	9000.0	10000.0	15000	2000
M20160309040667	-99	-99	-99	-99
M20160307039760	20000.0	20000.0	30000	10000
M20160307039619	10500.0	10500.0	11000	10000
M20160304039071	10500.0	10500.0	12000	9000
M20160225037002	27625.0	29000.0	50000	10000
M20160224036531	5166.666667	4000.0	10000	1000
M20160223036036	18000.0	20000.0	30000	5000
M20160218035146	41000.0	41000.0	60000	22000
M20160217034960	-99	-99	-99	-99
M20160204034140	17428.571429	20000.0	30000	8000
M20160204034139	27181.818182	25000.0	65000	9000
M20160203033727	23666.666667	26000.0	40000	10000
M20160202033452	14666.666667	13000.0	27000	5000
M20160202033402	7500.0	7500.0	10000	5000
M20160202033402	7500.0	7500.0	10000	5000
M20160202033251	10000.0	10000.0	10000	10000
M20160201033077	16625.0	16000.0	40000	4000
M20160201032686	20750.0	18000.0	32000	15000
M20160201032513	17333.333333	10000.0	60000	5000
M20160129031794	23000.0	24000.0	25000	20000
M20160129031668	4000.0	4000.0	4000	4000
M20160127030304	10166.666667	9000.0	20000	5000
M20160125028949	10000.0	10000.0	10000	10000
M20160117024394	10000.0	10000.0	10000	10000
M20160114023391	13888.888889	15000.0	35000	0
M20151209010053	19833.333333	18000.0	28000	13500
M20151203008457	8100.0	9200.0	15000	100
M20151203008457	8100.0	9200.0	15000	100
M20151202008049	33000.0	29000.0	60000	14000
M20151201007695	9583.333333	10000.0	20000	0
M20151125006604	12600.0	10000.0	30000	5000
A20160505936901	-99	-99	-99	-99
A20160504936204	20000.0	20000.0	20000	20000
A20160504935966	10720.0	10300.0	20000	3000
A20160504935789	12400.0	10000.0	20000	7000
A20160504935725	-99	-99	-99	-99
A20160503935365	10000.0	10000.0	10000	10000
A20160503935101	9571.428571	10000.0	20000	1000
A20160503935067	51333.0	51333.0	51333	51333
A20160503934787	21777.888889	27000.0	35000	1
A20160503934685	3000.0	3000.0	3000	3000
A20160503934586	-99	-99	-99	-99
A20160503934564	15050.0	12400.0	39000	3000
A20160503934547	15500.0	15500.0	21000	10000
A20160503934511	50000.0	50000.0	50000	50000
A20160503934342	23515.9	20000.0	60000	1000
A20160429934246	17833.333333	4500.0	70000	4000
A20160429933938	-99	-99	-99	-99
A20160429933832	-99	-99	-99	-99
A20160429933775	20000.0	20000.0	20000	20000
A20160429933642	49333.333333	30000.0	100000	18000
A20160429933528	11400.0	10000.0	25000	2000
A20160428933382	19200.0	19000.0	36000	6000
A20160428933341	10500.0	6000.0	30000	0
A20160428933311	-99	-99	-99	-99
A20160428933287	19666.666667	16500.0	40000	10000
A20160428933287	19666.666667	16500.0	40000	10000
A20160428933239	16250.0	15000.0	20000	15000
A20160428933208	7250.0	7000.0	10000	5000
A20160428933179	7000.0	7000.0	7000	7000
A20160428933178	7500.0	7500.0	10000	5000
A20160428933178	7500.0	7500.0	10000	5000
A20160428933157	-99	-99	-99	-99
A20160428932864	10250.0	6500.0	35000	2000
A20160428932757	24333.333333	17000.0	50000	6000
A20160428932687	15333.333333	16000.0	25000	5000
A20160428932687	15333.333333	16000.0	25000	5000
A20160428932613	13875.0	12500.0	25000	0
A20160428932477	21887.5	17500.0	46800	1500
A20160428932300	58666.666667	78000.0	78000	20000
A20160428932229	33000.25	36000.0	60000	1
A20160428932187	-99	-99	-99	-99
A20160428932079	5000.0	5000.0	5000	5000
A20160428932040	-99	-99	-99	-99
A20160427931946	9000.0	9000.0	12000	6000
A20160427931633	-99	-99	-99	-99
A20160427931632	-99	-99	-99	-99
A20160427931505	21666.666667	30000.0	30000	5000
A20160427931484	7500.0	7500.0	10000	5000
A20160427931293	-99	-99	-99	-99
A20160427931278	32472.2	32000.0	58361	8000
A20160427931043	3125.0	3125.0	6000	250
A20160427931032	13666.666667	10000.0	22000	9000
A20160427931019	10750.0	10750.0	20000	1500
A20160427930931	21833.333333	22000.0	30000	11000
A20160427930807	27800.0	25000.0	72000	3400
A20160427930542	9202.0	11000.0	20000	10
A20160426930396	82820.0	82820.0	82820	82820
A20160426929994	5000.0	5000.0	5000	5000
A20160426929924	17714.428571	20000.0	40000	1
A20160426929921	11000.0	11000.0	11000	11000
A20160426929814	26400.0	19000.0	70000	6000
A20160426929705	44083.375	25500.0	196667	0
A20160426929624	32066.5	27000.0	50000	15000
A20160426929603	21000.0	30000.0	30000	3000
A20160426929442	-99	-99	-99	-99
A20160426929345	11000.0	11000.0	12000	10000
A20160426929227	-99	-99	-99	-99
A20160426929126	35000.0	27500.0	60000	25000
A20160426929064	6000.0	6000.0	6000	6000
A20160425928907	27500.0	20000.0	60000	10000
A20160425928842	25200.0	30000.0	30000	6000
A20160425928709	26516.363636	29000.0	65000	4480
A20160425928708	27428.714286	20000.0	95000	1
A20160425928491	10714.285714	10000.0	27000	0
A20160425928488	18800.0	15000.0	50000	3000
A20160425928289	4406.0	10.0	13000	10
A20160425928144	9750.0	11000.0	12000	5000
A20160425928107	-99	-99	-99	-99
A20160425928035	19500.0	19000.0	30000	10000
A20160425927859	3000.0	3000.0	3000	3000
A20160425927734	7500.0	7500.0	10000	5000
A20160425927560	20000.0	20000.0	20000	20000
A20160425927558	26500.0	26500.0	38000	15000
A20160425927438	17000.0	20000.0	30000	1000
A20160425927419	5000.0	5000.0	6000	4000
A20160425927407	13600.0	12700.0	23000	6000
A20160425927398	4975.0	5000.0	7000	2900
A20160425927342	18166.666667	19500.0	30000	10000
A20160425927200	10500.0	10500.0	19000	2000
A20160425927200	10500.0	10500.0	19000	2000
A20160423926992	6500.0	6500.0	12000	1000
A20160423926992	6500.0	6500.0	12000	1000
A20160422926592	8250.0	8000.0	15000	2000
A20160422926542	13500.0	14500.0	20000	5000
A20160422926466	53333.333333	50000.0	80000	30000
A20160422926459	8000.0	8000.0	8000	8000
A20160422926428	11000.0	11000.0	16000	6000
A20160422926428	11000.0	11000.0	16000	6000
A20160422926130	-99	-99	-99	-99
A20160422925991	50000.0	50000.0	50000	50000
A20160422925962	-99	-99	-99	-99
A20160422925962	-99	-99	-99	-99
A20160422925928	8666.666667	10000.0	16000	0
A20160422925920	-99	-99	-99	-99
A20160422925819	4003.333333	2000.0	10000	10
A20160422925795	16500.0	12500.0	41000	0
A20160422925787	10125.0	5500.0	30000	2000
A20160422925778	11666.666667	12000.0	18000	5000
A20160422925718	-99	-99	-99	-99
A20160422925664	39170.0	39170.0	73340	5000
A20160422925607	9500.0	9500.0	15000	4000
A20160422925465	29388.833333	20000.0	86666	2000
A20160422925402	23000.0	23000.0	23000	23000
A20160422925401	9000.0	10000.0	10000	7000
A20160422925370	16250.0	15500.0	25000	9000
A20160421925309	9687.5	7500.0	30000	500
A20160421925107	12000.0	12000.0	12000	12000
A20160421924955	17500.0	10000.0	50000	0
A20160421924877	3500.0	3500.0	5000	2000
A20160421924845	26666.666667	24000.0	54000	2000
A20160421924809	20000.0	20000.0	20000	20000
A20160421924770	41250.0	42500.0	50000	30000
A20160421924682	15000.0	10000.0	30000	10000
A20160421924624	-99	-99	-99	-99
A20160421924394	26714.285714	15000.0	65000	10000
A20160421924101	8000.0	8000.0	8000	8000
A20160421924079	18500.0	21500.0	26000	5000
A20160421923961	53000.0	53000.0	76000	30000
A20160421923956	10450.0	11000.0	14250	7000
A20160421923945	47833.333333	50000.0	77000	20000
A20160421923556	16333.333333	11000.0	30000	8000
A20160421923547	9908.333333	7725.0	20000	2000
A20160420923463	50000.0	50000.0	50000	50000
A20160420923146	18967.181818	15500.0	45139	8000
A20160420922853	20000.0	20000.0	20000	20000
A20160420922033	25509.25	12500.0	74037	3000
A20160420921954	-99	-99	-99	-99
A20160420921935	5760.0	5760.0	5760	5760
A20160420921934	13000.0	13000.0	16000	10000
A20160420921902	23400.0	30000.0	34000	5000
A20160420921732	44500.0	38500.0	100000	1000
A20160420921723	-99	-99	-99	-99
A20160419921360	-99	-99	-99	-99
A20160419921180	17666.666667	22500.0	26000	0
A20160419921083	25886.375	20000.0	82091	5000
A20160419921083	25886.375	20000.0	82091	5000
A20160419921052	35000.0	50000.0	50000	5000
A20160419921048	22000.0	24000.0	30000	10000
A20160419920987	-99	-99	-99	-99
A20160419920975	39400.0	39400.0	56000	22800
A20160419920912	29642.857143	30000.0	70000	0
A20160419920859	24500.0	24500.0	36000	13000
A20160419920770	14400.0	13000.0	20000	10000
A20160419920644	23857.142857	15000.0	50000	8000
A20160419920564	14666.666667	14000.0	20000	10000
A20160419920482	-99	-99	-99	-99
A20160419920398	7000.0	7000.0	7000	7000
A20160419920398	7000.0	7000.0	7000	7000
A20160419920321	-99	-99	-99	-99
A20160419920268	22800.0	23000.0	35000	10000
A20160419920205	-99	-99	-99	-99
A20160419920035	20000.0	14000.0	65000	2000
A20160419919983	10000.0	10000.0	10000	10000
A20160419919920	23200.0	20500.0	36000	10000
A20160419919878	18427.0	15000.0	45843	0
A20160419919839	30333.333333	32000.0	60000	2000
A20160419919835	5416.666667	5000.0	9000	2500
A20160419919800	15556.666667	10000.0	33000	10
A20160419919795	-99	-99	-99	-99
A20160419919784	26590.75	25500.0	50000	2000
A20160419919742	41103.142857	20000.0	126000	2000
A20160418919598	-99	-99	-99	-99
A20160418919537	15666.666667	15000.0	24000	10000
A20160418919531	7000.0	6000.0	9000	6000
A20160418919348	29600.0	15000.0	91000	3000
A20160418919341	-99	-99	-99	-99
A20160418919171	25000.0	25000.0	25000	25000
A20160418919150	8000.0	7500.0	16000	2000
A20160418918926	31311.0	25872.0	65000	8500
A20160418918916	7225.0	7225.0	9450	5000
A20160418918916	7225.0	7225.0	9450	5000
A20160418918864	19500.0	11500.0	50000	5000
A20160418918805	16333.333333	15000.0	24000	10000
A20160418918726	18400.0	20000.0	30000	10000
A20160418918652	3670.0	5000.0	6000	10
A20160418918647	27257.142857	16900.0	90000	9000
A20160418918524	23750.0	23000.0	49000	500
A20160418918519	61871.428571	65000.0	101000	21600
A20160418918436	55800.0	30000.0	125000	10000
A20160418918411	13333.333333	5000.0	30000	5000
A20160418918411	13333.333333	5000.0	30000	5000
A20160418918351	40916.666667	33000.0	97500	1000
A20160418918319	54750.0	60000.0	90000	9000
A20160418917969	3333.333333	2000.0	8000	0
A20160417917888	25000.0	25000.0	30000	20000
A20160416917829	32375.0	15000.0	100000	5000
A20160415917805	3125.0	2625.0	7000	250
A20160415917673	10267.375	9500.0	21000	2000
A20160415917660	10250.0	10250.0	18000	2500
A20160415917440	-99	-99	-99	-99
A20160415916919	46055.5	35000.0	100000	14000
A20160415916919	46055.5	35000.0	100000	14000
A20160415916905	25000.0	25000.0	30000	20000
A20160415916873	5000.0	5000.0	5000	5000
A20160415916867	10000.0	10000.0	10000	10000
A20160415916719	17500.0	15000.0	28000	12000
A20160415916701	-99	-99	-99	-99
A20160415916514	7500.0	7000.0	14000	3000
A20160415916511	8666.666667	10000.0	12000	5000
A20160415916463	13333.333333	15000.0	20000	5000
A20160414916307	12500.0	12500.0	13000	12000
A20160414916301	38905.555556	35300.0	100000	5000
A20160414916157	25800.2	20000.0	60000	1
A20160414916157	25800.2	20000.0	60000	1
A20160414916094	20000.0	20000.0	20000	20000
A20160414916093	16466.666667	12000.0	35100	5000
A20160414915995	45233.818182	43700.0	129772	10000
A20160414915883	37428.571429	50000.0	51000	20000
A20160414915761	7750.0	8000.0	10000	5000
A20160414915710	-99	-99	-99	-99
A20160414915301	16000.0	16000.0	30000	2000
A20160414915287	-99	-99	-99	-99
A20160414915237	6000.0	6000.0	6000	6000
A20160414915147	-99	-99	-99	-99
A20160414915108	8666.666667	6000.0	14000	6000
A20160414914745	17000.0	18000.0	20000	13000
A20160414914704	18200.0	13000.0	45000	5000
A20160414914643	10300.0	10300.0	12600	8000
A20160414914590	9083.333333	9500.0	10000	7500
A20160414914584	37381.8	23500.0	100901	8000
A20160413914511	27500.0	27500.0	40000	15000
A20160413914208	10600.0	10000.0	15000	5000
A20160413914022	-99	-99	-99	-99
A20160413913934	-99	-99	-99	-99
A20160413913909	13000.0	11000.0	22000	8000
A20160413913897	5333.333333	5000.0	6000	5000
A20160413913877	11875.0	11500.0	22500	2000
A20160413913841	10000.0	11000.0	12000	6000
A20160413913794	22000.0	20000.0	43000	3000
A20160413913787	35000.0	35000.0	60000	10000
A20160413913735	14875.0	15000.0	25000	4500
A20160413913629	-99	-99	-99	-99
A20160413913537	-99	-99	-99	-99
A20160413913367	19333.333333	24000.0	25000	9000
A20160413913033	30000.0	30000.0	30000	30000
A20160413912976	14900.0	18000.0	23500	6000
A20160413912931	21500.0	19000.0	39000	9000
A20160413912905	-99	-99	-99	-99
A20160412912681	4000.0	3000.0	7000	3000
A20160412912634	16466.666667	10000.0	50000	2000
A20160412912628	-99	-99	-99	-99
A20160412912422	14333.333333	9000.0	30000	6000
A20160412912422	14333.333333	9000.0	30000	6000
A20160412912396	16400.0	5000.0	65000	1000
A20160412912228	9666.666667	12000.0	14000	3000
A20160412912023	59000.0	25000.0	200000	10000
A20160412911708	10885.714286	5000.0	24000	1000
A20160412911524	12500.0	12500.0	15000	10000
A20160412911412	-99	-99	-99	-99
A20160412911337	33500.0	33500.0	58000	9000
A20160412911300	46800.0	42000.0	72000	18000
A20160412911128	25000.0	20000.0	50000	10000
A20160411910884	-99	-99	-99	-99
A20160411910762	10000.0	10000.0	10000	10000
A20160411910762	10000.0	10000.0	10000	10000
A20160411910565	20500.0	20500.0	30000	11000
A20160411910541	8000.0	8000.0	8000	8000
A20160411910493	28139.6	28198.0	46000	11000
A20160411910476	21250.0	22500.0	35000	5000
A20160411910257	21000.0	22500.0	39000	0
A20160411910242	17500.0	20000.0	25000	8000
A20160411910201	88900.0	70000.0	166700	30000
A20160411910113	31308.666667	30000.0	81778	11000
A20160411910090	21500.0	15500.0	65000	10000
A20160411909883	7166.666667	5000.0	12000	4500
A20160411909877	-99	-99	-99	-99
A20160411909728	-99	-99	-99	-99
A20160411909596	32400.0	20000.0	100000	2000
A20160411909536	25090.909091	30000.0	60000	0
A20160411909358	9000.0	5000.0	17000	5000
A20160411909167	15303.0	10000.0	50000	10
A20160410908867	21125.0	17000.0	45500	5000
A20160409908767	12500.0	12500.0	13000	12000
A20160408908649	33142.857143	39000.0	50000	8000
A20160408908639	-99	-99	-99	-99
A20160408908485	7000.0	7000.0	10000	4000
A20160408908259	-99	-99	-99	-99
A20160408908215	18000.0	18000.0	18000	18000
A20160408908186	25666.666667	22000.0	50000	5000
A20160408908015	15750.0	11500.0	50000	3000
A20160408908004	14000.0	14000.0	14000	14000
A20160408907992	15000.0	15000.0	20000	10000
A20160408907878	18666.666667	20000.0	26000	10000
A20160408907874	22333.333333	25000.0	32000	10000
A20160408907648	50000.0	50000.0	50000	50000
A20160408907525	12000.0	12000.0	14000	10000
A20160408907514	14000.0	14000.0	16000	12000
A20160408907371	6250.0	2500.0	20000	0
A20160408907359	32166.666667	32500.0	50000	14000
A20160408907315	5166.666667	6500.0	7000	2000
A20160408907299	13333.333333	10000.0	20000	10000
A20160408907265	20003.333333	30000.0	30000	10
A20160407907123	15000.0	9500.0	35000	6000
A20160407907067	14000.0	14000.0	25000	3000
A20160407907067	14000.0	14000.0	25000	3000
A20160407906830	28800.0	11000.0	100000	10000
A20160407906828	19166.666667	20000.0	40000	2000
A20160407906712	23833.333333	25000.0	30000	13000
A20160407906698	19166.666667	17500.0	26000	14000
A20160407906520	22444.666667	20000.0	50000	1
A20160407906425	14571.428571	10000.0	50000	0
A20160407906346	5000.0	5000.0	5000	5000
A20160407906120	32500.0	32500.0	50000	15000
A20160407906071	7333.333333	7500.0	12000	1000
A20160407906055	-99	-99	-99	-99
A20160407905899	31896.785714	27500.0	64000	2000
A20160407905796	15800.0	10000.0	28000	10000
A20160407905723	24111.0	20000.0	38333	14000
A20160407905549	15750.0	15000.0	22500	10000
A20160407905456	2000.0	2000.0	2000	2000
A20160407905267	30928.571429	20000.0	80000	0
A20160406905020	41790.2	45000.0	64951	2000
A20160406904978	37200.0	28100.0	100000	5000
A20160406904581	10166.666667	7500.0	18000	5000
A20160406904503	43000.0	25000.0	122000	0
A20160406904320	50000.0	50000.0	50000	50000
A20160406904295	51250.0	45000.0	100000	15000
A20160406904290	6500.0	6500.0	7000	6000
A20160406904161	-99	-99	-99	-99
A20160406904078	17000.0	17000.0	17000	17000
A20160406904053	17500.0	17500.0	28000	7000
A20160406903976	-99	-99	-99	-99
A20160406903960	-99	-99	-99	-99
A20160406903932	9000.0	9500.0	12000	5000
A20160406903822	14666.666667	17000.0	22000	5000
A20160406903739	10000.0	10000.0	10000	10000
A20160406903676	7500.0	6000.0	20000	1000
A20160406903599	11400.0	10000.0	20000	5000
A20160406903543	13666.777778	8000.0	50000	1
A20160406903486	9571.428571	8000.0	18000	3000
A20160405903390	40833.333333	35000.0	80000	15000
A20160405903325	18333.333333	20000.0	30000	5000
A20160405903026	10750.166667	10000.0	20000	1
A20160405902998	-99	-99	-99	-99
A20160405902957	28000.0	12000.0	65000	7000
A20160405902759	29000.0	29000.0	29000	29000
A20160405902737	16500.0	16500.0	36000	5000
A20160405902527	18000.0	11500.0	49000	0
A20160405902428	31142.857143	28000.0	50000	16000
A20160405902405	10500.0	10500.0	15000	6000
A20160405902200	23633.333333	10900.0	50000	10000
A20160405902011	10833.333333	12000.0	20000	1000
A20160405902009	25611.166667	28333.5	38000	10000
A20160405901986	37083.333333	35000.0	90000	2000
A20160405901911	27750.125	26500.0	50000	1
A20160405901846	13500.0	12000.0	20000	8500
A20160405901706	6000.5	6000.5	12000	1
A20160401901410	23250.0	25000.0	33000	10000
A20160401901400	-99	-99	-99	-99
A20160401901374	28333.333333	20000.0	50000	15000
A20160401901312	30739.625	33458.5	77000	1000
A20160401901257	24750.0	24000.0	63000	500
A20160401901185	5000.0	5000.0	5000	5000
A20160401901185	5000.0	5000.0	5000	5000
A20160401901086	32050.125	25500.0	65000	10000
A20160401900943	26555.555556	25000.0	55000	5000
A20160401900477	5750.0	5500.0	10000	2000
A20160331900337	26200.0	26000.0	40000	13000
A20160331900127	14500.0	14500.0	26000	3000
A20160331900062	12666.666667	10000.0	18000	10000
A20160331900000	26820.0	10000.0	100000	500
A20160331899873	23000.1	25000.0	42000	1
A20160331899814	14500.0	14500.0	17000	12000
A20160331899624	14400.0	12000.0	25000	10000
A20160331899501	16333.333333	17000.0	20000	12000
A20160331899381	-99	-99	-99	-99
A20160331899328	9000.0	9500.0	11000	6000
A20160331899257	30666.666667	32000.0	44000	17000
A20160331899228	-99	-99	-99	-99
A20160331899074	11000.0	11000.0	11000	11000
A20160331899062	17000.0	17000.0	19000	15000
A20160331898972	35200.0	20000.0	90000	6000
A20160331898965	17200.0	20000.0	21000	11000
A20160330898744	27666.666667	30000.0	34000	19000
A20160330898594	-99	-99	-99	-99
A20160330898559	16900.0	18000.0	21600	10000
A20160330898400	12142.857143	10000.0	20000	2000
A20160330898364	29000.0	29000.0	30000	28000
A20160330898313	2000.0	2000.0	2000	2000
A20160330898307	-99	-99	-99	-99
A20160330898261	20000.0	20000.0	20000	20000
A20160330897987	-99	-99	-99	-99
A20160330897987	-99	-99	-99	-99
A20160330897929	-99	-99	-99	-99
A20160330897758	50000.0	50000.0	60000	40000
A20160330897509	15000.0	15000.0	30000	5000
A20160330897485	28000.0	28000.0	28000	28000
A20160330897484	-99	-99	-99	-99
A20160329897321	-99	-99	-99	-99
A20160329897296	15600.0	15000.0	35000	2000
A20160329897073	12111.111111	13000.0	20000	5000
A20160329896809	24000.0	25000.0	50000	0
A20160329896535	30000.0	30000.0	30000	30000
A20160329896451	20000.0	20000.0	20000	20000
A20160329896433	26666.666667	30000.0	40000	10000
A20160329896422	33000.0	12000.0	80000	5000
A20160329896203	-99	-99	-99	-99
A20160329896096	35533.333333	33000.0	52200	20000
A20160329896083	5000.0	5000.0	5000	5000
A20160329896014	-99	-99	-99	-99
A20160328895907	9666.666667	8000.0	15000	6000
A20160328895904	10000.0	10000.0	10000	10000
A20160328895793	18153.846154	18000.0	50000	2000
A20160328895781	28000.0	28000.0	50000	6000
A20160328895564	20755.555556	19000.0	50000	0
A20160328895512	40000.0	50000.0	50000	20000
A20160328895287	30500.0	31000.0	50000	10000
A20160328895287	30500.0	31000.0	50000	10000
A20160328895086	9000.0	7000.0	15000	5000
A20160328894892	-99	-99	-99	-99
A20160328894838	11750.0	10000.0	17000	10000
A20160328894769	-99	-99	-99	-99
A20160328894726	19750.0	20500.0	30000	8000
A20160328894607	33337.166667	26250.0	83523	11000
A20160328894430	24000.0	20000.0	50000	0
A20160328894286	8001.666667	11000.0	14000	0
A20160328894180	6000.0	3000.0	15000	0
A20160327894137	11000.0	11000.0	11000	11000
A20160327894097	9000.0	9000.0	9000	9000
A20160325893702	-99	-99	-99	-99
A20160325893473	10000.0	10000.0	10000	10000
A20160325893210	14000.0	15000.0	22000	5000
A20160325893139	6666.666667	7500.0	10000	0
A20160325893051	5150.0	4000.0	10000	2600
A20160325893033	-99	-99	-99	-99
A20160325893015	-99	-99	-99	-99
A20160325893008	3500.0	3500.0	5000	2000
A20160325892986	-99	-99	-99	-99
A20160325892890	14250.0	12500.0	30000	2000
A20160325892873	26166.666667	19000.0	80000	7000
A20160325892811	22300.0	20000.0	40000	10000
A20160325892744	24200.2	30000.0	46000	1
A20160325892388	36611.5	20000.0	109669	10000
A20160324892253	22357.142857	15000.0	50000	10000
A20160324891975	46144.0	42000.0	96508	8000
A20160324891310	11704.0	2500.0	50000	10
A20160324891255	29000.0	30000.0	61000	2000
A20160324891193	12981.5	13944.5	18000	7000
A20160324891121	15252.5	5500.0	50000	10
A20160324890954	-99	-99	-99	-99
A20160324890516	11000.0	11000.0	15000	7000
A20160324890193	9750.0	9000.0	16000	5000
A20160324890133	32833.333333	37500.0	50000	10000
A20160324890116	6333.333333	3000.0	13000	3000
A20160323889967	28000.0	24000.0	45000	8000
A20160323889964	20000.0	20000.0	20000	20000
A20160323889920	22000.0	26000.0	30000	10000
A20160323889920	22000.0	26000.0	30000	10000
A20160323889920	22000.0	26000.0	30000	10000
A20160323889916	52001.666667	30000.0	130000	10
A20160323889749	-99	-99	-99	-99
A20160323889597	19000.0	11000.0	48000	6000
A20160323889551	23111.222222	20000.0	50000	1
A20160323889367	23000.0	20000.0	37000	12000
A20160323889335	23333.444444	20000.0	50000	1
A20160323889323	14250.0	17500.0	20000	2000
A20160323889283	17800.2	20000.0	36000	1
A20160323889273	13333.666667	20000.0	20000	1
A20160323889238	21857.142857	16000.0	36000	5000
A20160323889100	20000.0	20000.0	20000	20000
A20160323889003	9333.333333	5000.0	18000	5000
A20160323888820	-99	-99	-99	-99
A20160323888749	33833.333333	21500.0	80000	10000
A20160323888749	33833.333333	21500.0	80000	10000
A20160323888529	25357.142857	20000.0	50000	14000
A20160323888490	-99	-99	-99	-99
A20160323888426	15000.0	15000.0	15000	15000
A20160323888352	-99	-99	-99	-99
A20160323888226	-99	-99	-99	-99
A20160323888181	27333.333333	27000.0	35000	20000
A20160322887813	46000.0	23000.0	121000	16000
A20160322887653	-99	-99	-99	-99
A20160322887508	11800.0	12100.0	17000	6000
A20160322887367	-99	-99	-99	-99
A20160322887152	66050.0	38500.0	187000	200
A20160322887059	10750.0	6000.0	22500	3000
A20160322887041	4500.0	4500.0	5000	4000
A20160322886789	-99	-99	-99	-99
A20160322886434	-99	-99	-99	-99
A20160322886392	-99	-99	-99	-99
A20160322886345	13533.333333	15000.0	16000	9600
A20160322886319	9889.0	5000.0	30000	1
A20160322886076	12825.0	11900.0	20000	7500
A20160322886062	14750.0	14500.0	20000	10000
A20160322886043	12200.0	10000.0	19000	6000
A20160322885999	31000.0	33000.0	50000	10000
A20160322885994	10000.0	10000.0	10000	10000
A20160322885987	22750.0	22500.0	36000	10000
A20160321885798	21400.0	20000.0	30000	9000
A20160321885742	13142.857143	10000.0	30000	3000
A20160321885615	26557.142857	14900.0	73000	8000
A20160321885602	35000.0	35000.0	35000	35000
A20160321885158	21937.5	19000.0	62500	8000
A20160321885076	31026.666667	28080.0	40000	25000
A20160321885044	-99	-99	-99	-99
A20160321884684	15333.333333	20000.0	20000	6000
A20160321884486	19000.0	19000.0	19000	19000
A20160321884393	11500.0	12000.0	19000	3000
A20160321884356	3502.5	1005.0	12000	0
A20160321884295	36566.666667	40000.0	45000	24700
A20160321884092	20666.666667	19000.0	52000	5000
A20160318883629	9000.0	9000.0	15000	3000
A20160318883366	-99	-99	-99	-99
A20160318883187	-99	-99	-99	-99
A20160318883176	20750.0	17500.0	38000	10000
A20160318883134	47722.222222	40000.0	145000	0
A20160318883017	-99	-99	-99	-99
A20160318882994	19666.666667	24000.0	25000	10000
A20160318882653	30541.5	30541.5	55083	6000
A20160318882647	-99	-99	-99	-99
A20160318882520	15000.0	15000.0	20000	10000
A20160318882272	-99	-99	-99	-99
A20160318882164	32000.0	30000.0	64000	10000
A20160318882147	9625.0	7250.0	20000	4000
A20160318882029	22000.0	22000.0	36000	8000
A20160317881585	0.0	0.0	0	0
A20160317881520	60412.0	60412.0	60412	60412
A20160317881448	29000.0	29500.0	52000	5000
A20160317881061	15000.0	14000.0	28000	5000
A20160317880765	11142.857143	10000.0	15000	7000
A20160317880739	18000.0	20000.0	26000	8000
A20160317880377	23500.0	23500.0	30000	17000
A20160317880377	23500.0	23500.0	30000	17000
A20160317880238	11000.0	11000.0	12000	10000
A20160317879986	90250.0	91500.0	139000	39000
A20160317879967	15000.0	15000.0	15000	15000
A20160317879833	15000.0	15000.0	30000	1000
A20160317879761	7600.0	7600.0	7600	7600
A20160316879351	-99	-99	-99	-99
A20160316879273	30000.0	30000.0	30000	30000
A20160316879089	-99	-99	-99	-99
A20160316878944	37000.0	37000.0	50000	24000
A20160316878832	-99	-99	-99	-99
A20160316878830	-99	-99	-99	-99
A20160316878546	16666.666667	20000.0	20000	10000
A20160316878471	17990.666667	13000.0	54444	2000
A20160316878271	20000.0	20000.0	30000	10000
A20160316878245	14400.0	12000.0	23000	7000
A20160316878204	25785.714286	30000.0	50000	5000
A20160316878003	18876.375	14500.0	60000	1
A20160316877964	-99	-99	-99	-99
A20160316877962	64255.555556	51000.0	100000	18000
A20160315877465	-99	-99	-99	-99
A20160315877421	35181.909091	30000.0	70000	1
A20160315877165	12750.0	11500.0	20000	8000
A20160315877123	-99	-99	-99	-99
A20160315877111	-99	-99	-99	-99
A20160315876929	-99	-99	-99	-99
A20160315876888	-99	-99	-99	-99
A20160315876817	27481.333333	6000.0	75444	1000
A20160315876587	16500.0	18500.0	24000	5000
A20160315876587	16500.0	18500.0	24000	5000
A20160315876518	-99	-99	-99	-99
A20160315876449	-99	-99	-99	-99
A20160315876380	33340.0	10.0	100000	10
A20160315876348	-99	-99	-99	-99
A20160315876321	18393.75	13125.0	42900	2000
A20160315876214	18425.0	12000.0	54000	0
A20160315876134	29333.333333	22000.0	50000	16000
A20160314876091	33736.166667	32500.0	60000	9417
A20160314875888	17333.333333	20000.0	30000	2000
A20160314875879	4250.0	4000.0	5000	4000
A20160314875722	-99	-99	-99	-99
A20160314875714	31333.333333	20000.0	59000	15000
A20160314875619	38428.571429	29000.0	100000	5000
A20160314875617	10575.0	8000.0	24000	4800
A20160314875418	12000.25	13000.0	22000	1
A20160314875179	13000.0	12000.0	23000	5000
A20160314874900	30000.0	30000.0	50000	10000
A20160314874871	10875.0	9000.0	19500	6000
A20160314874821	-99	-99	-99	-99
A20160314874786	20000.0	20000.0	30000	10000
A20160314874768	12500.0	12500.0	15000	10000
A20160314874481	-99	-99	-99	-99
A20160314874462	6000.0	6000.0	8000	4000
A20160311874168	30416.666667	13750.0	100000	10000
A20160311874128	21800.0	24000.0	30000	5000
A20160311873924	22666.5	28999.5	36000	2000
A20160311873870	22666.666667	24000.0	32000	12000
A20160311873701	11250.0	10000.0	15000	10000
A20160311873642	53325.0	23500.0	151300	15000
A20160311873324	15250.0	15250.0	20000	10500
A20160311873247	19666.666667	15000.0	30000	14000
A20160311873169	11000.0	11000.0	15000	7000
A20160311873119	22625.0	20000.0	65000	5000
A20160311873119	22625.0	20000.0	65000	5000
A20160311872879	-99	-99	-99	-99
A20160311872875	-99	-99	-99	-99
A20160311872842	14000.0	14000.0	20000	8000
A20160311872752	15571.428571	17000.0	20000	7000
A20160311872728	-99	-99	-99	-99
A20160311872715	13000.0	13000.0	13000	13000
A20160311872685	-99	-99	-99	-99
A20160310872567	15500.0	16000.0	30000	5000
A20160310872397	54500.0	29000.0	150000	10000
A20160310871881	9375.0	10000.0	16000	2000
A20160310871881	9375.0	10000.0	16000	2000
A20160310871760	-99	-99	-99	-99
A20160310871705	12500.0	12500.0	15000	10000
A20160310871270	14666.666667	10000.0	29000	5000
A20160310871257	45025.571429	50000.0	80000	17200
A20160310871161	-99	-99	-99	-99
A20160309870614	11100.0	11100.0	18500	3700
A20160309870553	14666.666667	16000.0	20000	8000
A20160309870519	8666.666667	9000.0	15000	2000
A20160309870447	33500.0	33500.0	50000	17000
A20160309870266	25600.0	25000.0	37000	16000
A20160309870202	22500.0	22500.0	30000	15000
A20160309870161	5000.0	5000.0	5000	5000
A20160309870119	20000.0	20000.0	20000	20000
A20160309869740	39790.0	20500.0	116000	120
A20160309869740	39790.0	20500.0	116000	120
A20160309869637	38083.0	38083.0	54166	22000
A20160309869603	23545.454545	20000.0	50000	2000
A20160308869204	18936.0	19872.0	26000	10000
A20160308869176	10000.0	7000.0	18000	5000
A20160308868795	21166.666667	20000.0	40000	5000
A20160308868782	-99	-99	-99	-99
A20160308868574	25900.0	23600.0	50000	6000
A20160308868383	12200.0	11000.0	20000	0
A20160308868285	-99	-99	-99	-99
A20160308868226	-99	-99	-99	-99
A20160308868167	10000.0	10000.0	10000	10000
A20160308868096	7200.25	9000.0	10800	1
A20160308868042	-99	-99	-99	-99
A20160308868040	13333.333333	11000.0	20000	9000
A20160308868040	13333.333333	11000.0	20000	9000
A20160308867965	11750.0	8000.0	26000	5000
A20160308867824	49500.0	55000.0	72000	16000
A20160308867759	10000.0	10000.0	10000	10000
A20160307867508	13755.555556	10000.0	30000	1800
A20160307867188	5000.0	5000.0	5000	5000
A20160307867149	-99	-99	-99	-99
A20160307867093	-99	-99	-99	-99
A20160307867026	14000.0	14000.0	14000	14000
A20160307866854	10600.0	11000.0	15000	2000
A20160307866848	10125.0	9500.0	30000	0
A20160307866723	40105.0	34000.0	120840	10000
A20160307866682	47500.0	22500.0	145000	0
A20160307866631	22333.333333	20500.0	36000	5000
A20160307866625	23483.333333	25500.0	35000	10400
A20160307866610	17500.0	19000.0	30000	2000
A20160307866583	-99	-99	-99	-99
A20160307866422	-99	-99	-99	-99
A20160307866244	50000.0	50000.0	50000	50000
A20160307866104	70875.0	30500.0	300000	20000
A20160307865993	60000.0	50000.0	100000	40000
A20160305865946	43428.571429	50000.0	65000	10000
A20160304865833	16666.666667	20000.0	30000	0
A20160304865818	12375.0	13125.0	22000	5000
A20160304865811	18750.0	12500.0	45000	5000
A20160304865787	34875.0	23000.0	120000	10000
A20160304865674	23916.666667	22500.0	36000	11000
A20160304865590	40192.666667	40578.0	50000	30000
A20160304865469	16000.0	3500.0	50000	2000
A20160304865056	29140.0	35500.0	43000	200
A20160304864978	-99	-99	-99	-99
A20160304864833	36666.833333	25000.0	100000	1
A20160304864739	20359.6	20000.0	50000	0
A20160304864714	19333.333333	18000.0	30000	10000
A20160304864693	11666.666667	15000.0	15000	5000
A20160304864553	38766.666667	20000.0	100000	10000
A20160303864346	3500.0	3500.0	5000	2000
A20160303864043	10000.0	10000.0	10000	10000
A20160303863807	12142.857143	12000.0	30000	2000
A20160303863576	16250.0	15500.0	24000	10000
A20160303863408	0.0	0.0	0	0
A20160303863344	-99	-99	-99	-99
A20160303863273	4000.0	4000.0	4000	4000
A20160303863166	37166.666667	37500.0	60000	10000
A20160303863112	17000.0	14000.0	30000	10000
A20160303863030	23553.375	17500.0	54927	3000
A20160303862872	-99	-99	-99	-99
A20160302862731	45353.142857	38000.0	80000	250
A20160302862689	33083.5	27500.0	72500	1
A20160302862590	4500.0	4500.0	4500	4500
A20160302862242	19314.5	9000.0	50000	3000
A20160302862172	10666.666667	12000.0	12000	8000
A20160302862172	10666.666667	12000.0	12000	8000
A20160302862105	-99	-99	-99	-99
A20160302861735	10000.0	10000.0	11000	9000
A20160302861708	-99	-99	-99	-99
A20160302861639	19750.0	23500.0	27000	5000
A20160302861583	11542.857143	10000.0	17900	7000
A20160302861384	-99	-99	-99	-99
A20160302861350	33000.0	33000.0	33000	33000
A20160302861344	-99	-99	-99	-99
A20160302861334	-99	-99	-99	-99
A20160301861225	3666.666667	2000.0	9000	0
A20160301861073	10000.0	10000.0	10000	10000
A20160301860814	3000.0	3000.0	3000	3000
A20160301860621	75000.0	75000.0	100000	50000
A20160301860512	20000.0	20000.0	20000	20000
A20160301860442	31000.0	6500.0	110000	1000
A20160301860171	-99	-99	-99	-99
A20160301860078	8333.333333	3000.0	22000	0
A20160301860029	-99	-99	-99	-99
A20160301859953	41200.0	30000.0	90000	5000
A20160301859940	8000.0	10000.0	11000	3000
A20160301859935	5000.0	5000.0	5000	5000
A20160301859756	13500.0	15000.0	16500	10000
A20160229859524	30000.0	30000.0	50000	10000
A20160229859270	19857.142857	23500.0	32000	10000
A20160229859160	13000.0	14000.0	14000	10000
A20160229859158	22014.285714	18000.0	40000	500
A20160229859039	6000.0	6000.0	6000	6000
A20160229858936	-99	-99	-99	-99
A20160229858780	10000.0	10000.0	10000	10000
A20160229858590	26100.0	20000.0	54000	2100
A20160229858262	-99	-99	-99	-99
A20160226857976	11000.166667	11500.0	18000	1
A20160226857839	25076.923077	22000.0	50000	0
A20160226857660	7500.0	7500.0	10000	5000
A20160226857557	12500.0	12500.0	15000	10000
A20160226857504	27333.333333	27000.0	30000	25000
A20160226857474	11562.5	10000.0	34000	0
A20160226857348	-99	-99	-99	-99
A20160226857250	24000.0	22000.0	50000	8000
A20160226856983	-99	-99	-99	-99
A20160226856983	-99	-99	-99	-99
A20160225856719	25000.0	25000.0	25000	25000
A20160225856628	78000.0	92000.0	128000	0
A20160225856628	78000.0	92000.0	128000	0
A20160225856601	35000.0	35000.0	50000	20000
A20160225856351	-99	-99	-99	-99
A20160225856094	27060.0	20000.0	56300	9000
A20160225855885	30000.0	37000.0	40000	6000
A20160225855869	54111.0	54111.0	54111	54111
A20160225855854	36353.5	17500.0	78121	12000
A20160225855801	46714.285714	45000.0	83000	12000
A20160225855798	22833.333333	19000.0	50000	10000
A20160224855499	40000.0	11500.0	132000	5000
A20160224855489	17333.333333	8000.0	40000	4000
A20160224855479	30000.0	10000.0	70000	10000
A20160224855456	26333.333333	16000.0	53000	10000
A20160224855402	15400.0	20000.0	30000	2000
A20160224855029	4571.428571	5000.0	10000	1000
A20160224854973	128500.0	92500.0	299000	30000
A20160224854967	26618.0	16500.0	86944	10000
A20160224854876	11200.2	6000.0	28000	0
A20160224854823	32250.0	22000.0	80000	5000
A20160224854771	17236.0	15000.0	33708	3000
A20160224854702	25750.0	25750.0	26500	25000
A20160224854692	0.0	0.0	0	0
A20160224854683	17666.666667	15000.0	25000	13000
A20160224854555	-99	-99	-99	-99
A20160224854555	-99	-99	-99	-99
A20160224854551	26917.0	26917.0	26917	26917
A20160224854256	27166.666667	20000.0	50000	11500
A20160224854214	28333.333333	20000.0	50000	15000
A20160224854169	7500.0	7500.0	10000	5000
A20160223853962	13375.0	2500.0	50000	0
A20160223853872	38000.0	38000.0	56000	20000
A20160223853815	21572.857143	20000.0	50000	10
A20160223853789	19916.6	20000.0	28583	12000
A20160223853758	17600.0	17600.0	17600	17600
A20160223853745	-99	-99	-99	-99
A20160223853706	13333.333333	10000.0	20000	10000
A20160223853693	11833.333333	11500.0	21000	3000
A20160223853468	4000.0	4000.0	8000	0
A20160223853435	-99	-99	-99	-99
A20160223853319	7250.0	7250.0	9500	5000
A20160223853283	13500.0	13500.0	23000	4000
A20160223853160	-99	-99	-99	-99
A20160223853089	16500.0	16500.0	18000	15000
A20160222852689	20000.0	20000.0	30000	10000
A20160222852596	15000.0	15000.0	20000	10000
A20160222852555	40333.333333	5000.0	111000	5000
A20160222852543	12150.0	12800.0	18000	5000
A20160222852425	10500.0	10000.0	15000	8000
A20160222852386	40125.0625	22500.0	260000	1
A20160222852189	-99	-99	-99	-99
A20160219851810	20000.0	20000.0	35000	5000
A20160219851713	53220.0	49100.0	100000	25000
A20160219851558	10.0	10.0	10	10
A20160219851510	9000.0	9000.0	15000	3000
A20160219851219	15666.666667	17000.0	20000	10000
A20160219851017	-99	-99	-99	-99
A20160219850976	9500.0	8000.0	18000	3000
A20160219850907	19000.0	19000.0	30000	8000
A20160219850811	19800.0	12000.0	50000	12000
A20160219850767	-99	-99	-99	-99
A20160218850707	11625.0	8000.0	50000	0
A20160218850552	16000.0	20000.0	25000	2000
A20160218850479	21277.9	19000.0	47778	0
A20160218850395	13000.0	13000.0	21000	5000
A20160218850177	7333.333333	5000.0	16000	1000
A20160218850152	16000.0	18000.0	20000	10000
A20160218850118	25952.428571	16000.0	50000	1000
A20160218849910	32878.777778	21000.0	100000	13909
A20160218849867	13333.333333	10000.0	20000	10000
A20160217849591	36500.0	33000.0	50000	30000
A20160217849537	7500.0	7500.0	10000	5000
A20160217849465	11370.333333	11611.0	18000	5000
A20160217849406	15641.428571	12000.0	30000	8000
A20160217849390	-99	-99	-99	-99
A20160217849295	30000.0	30000.0	30000	30000
A20160216849028	9500.0	11000.0	15000	0
A20160216849023	30000.0	30000.0	30000	30000
A20160216848712	23839.357143	23500.0	48000	0
A20160216848707	-99	-99	-99	-99
A20160216848682	11750.0	10000.0	25000	2000
A20160216848633	9666.666667	11000.0	15000	3000
A20160215848491	15681.818182	10000.0	50000	5000
A20160215848444	11000.0	11000.0	12000	10000
A20160215848406	17416.666667	13500.0	65000	2000
A20160214848137	7666.666667	6000.0	12000	5000
A20160214848114	38247.3	36000.0	93000	5000
A20160205847916	20000.0	20000.0	20000	20000
A20160205847905	15000.0	15000.0	15000	15000
A20160205847860	-99	-99	-99	-99
A20160204847727	30000.0	30000.0	50000	10000
A20160204847705	6000.5	6000.5	12000	1
A20160204847672	10000.0	10000.0	10000	10000
A20160204847631	11700.0	10000.0	20000	2500
A20160204847602	-99	-99	-99	-99
A20160204847485	-99	-99	-99	-99
A20160204847328	5500.0	5500.0	6000	5000
A20160204847290	-99	-99	-99	-99
A20160204847187	5000.0	5000.0	5000	5000
A20160204847158	56714.285714	50000.0	110000	10000
A20160204847014	13000.0	13000.0	14000	12000
A20160204846977	24000.0	24000.0	27000	21000
A20160203846890	6250.0	5000.0	10000	5000
A20160203846727	-99	-99	-99	-99
A20160203846645	36350.0	30000.0	78750	5000
A20160203846596	16666.666667	20000.0	25000	5000
A20160203846353	43800.0	50000.0	80000	9000
A20160203846147	33611.111111	24000.0	70000	6000
A20160203846121	20000.0	10000.0	50000	0
A20160203846110	20800.0	20000.0	60000	1000
A20160203845990	-99	-99	-99	-99
A20160203845990	-99	-99	-99	-99
A20160203845794	10142.857143	10000.0	20000	1000
A20160203845763	15071.428571	16000.0	21500	6000
A20160203845546	22000.0	10000.0	50000	6000
A20160203845433	133333.333333	50000.0	300000	50000
A20160203845423	17963.0	15000.0	23889	15000
A20160203845421	-99	-99	-99	-99
A20160203845395	5000.0	5000.0	5000	5000
A20160203845390	35000.0	49000.0	60000	5000
A20160203845381	28444.5	10500.0	87778	5000
A20160203845381	28444.5	10500.0	87778	5000
A20160203845304	14000.0	14000.0	20000	8000
A20160203845304	14000.0	14000.0	20000	8000
A20160202845155	41600.0	48000.0	50000	18000
A20160202845093	17500.0	17500.0	30000	5000
A20160202844737	-99	-99	-99	-99
A20160202844498	27000.0	12500.0	97000	10000
A20160202843942	20000.0	20000.0	20000	20000
A20160202843905	11500.0	11000.0	14000	10000
A20160202843844	-99	-99	-99	-99
A20160202843802	26500.0	26500.0	40000	13000
A20160202843759	37500.0	37500.0	65000	10000
A20160202843558	83450.0	56850.0	239000	13000
A20160202843440	15755.555556	13000.0	30000	0
A20160202843413	19120.285714	14850.0	65000	1
A20160202843386	10500.0	8000.0	21500	2000
A20160202843343	20000.0	20000.0	20000	20000
A20160202843137	6666.666667	5000.0	10000	5000
A20160202843112	21857.142857	12000.0	75000	4000
A20160202843112	21857.142857	12000.0	75000	4000
A20160202843087	20000.0	20000.0	20000	20000
A20160202843063	-99	-99	-99	-99
A20160201843019	7000.0	7000.0	7000	7000
A20160201842890	-99	-99	-99	-99
A20160201842673	17500.0	17500.0	24000	11000
A20160201841955	12500.0	11000.0	20000	8000
A20160201841920	10000.0	10000.0	10000	10000
A20160201841845	13800.0	10000.0	20000	9000
A20160201841763	24970.727273	25000.0	50000	4000
A20160201841763	24970.727273	25000.0	50000	4000
A20160201841629	-99	-99	-99	-99
A20160201841596	27700.0	17500.0	70000	0
A20160201841311	4000.0	4000.0	4000	4000
A20160201841181	74055.666667	20000.0	184167	18000
A20160201841098	-99	-99	-99	-99
A20160131840920	18402.0	10000.0	43000	10
A20160131840691	23916.666667	20000.0	53500	10000
A20160130840393	16666.666667	20000.0	20000	10000
A20160130840384	4250.0	5000.0	6000	1000
A20160130840369	11300.0	15000.0	18000	3500
A20160130840264	63000.166667	20000.0	300000	1
A20160129840081	23900.1	25000.0	50000	1
A20160129839859	22907.333333	19000.0	47722	2000
A20160129839838	21625.0	22500.0	54000	0
A20160129839710	13125.0	15000.0	16500	6000
A20160129839672	11893.75	9875.0	26000	5000
A20160129839195	17000.0	17000.0	30000	4000
A20160129838793	-99	-99	-99	-99
A20160129838658	18333.333333	10000.0	35000	10000
A20160129838609	45333.333333	46000.0	50000	40000
A20160129838493	19000.0	14000.0	34000	9000
A20160129838424	0.0	0.0	0	0
A20160129838363	15000.0	15000.0	18000	12000
A20160129838354	8000.0	8000.0	8000	8000
A20160129838303	23250.0	23250.0	31500	15000
A20160128838164	-99	-99	-99	-99
A20160128838127	30000.0	30000.0	30000	30000
A20160128838124	16000.0	16000.0	16000	16000
A20160128838101	12750.0	13500.0	24000	500
A20160128838037	4000.0	4000.0	4000	4000
A20160128837750	20280.4	20401.5	42000	1
A20160128837704	21284.75	6500.0	70139	2000
A20160128837652	17000.0	17000.0	17000	17000
A20160128837435	35500.0	31000.0	75000	5000
A20160128837365	15666.666667	15000.0	30000	6000
A20160128837281	13714.285714	13000.0	25000	2000
A20160128837249	27833.333333	28500.0	48000	5000
A20160128836938	11000.0	10000.0	17000	6000
A20160128836809	13550.0	14500.0	20000	4500
A20160128836794	6000.0	6000.0	10000	2000
A20160128836715	-99	-99	-99	-99
A20160128836676	9250.0	9250.0	18000	500
A20160128836651	47714.285714	38000.0	141000	20000
A20160128836615	-99	-99	-99	-99
A20160128836571	6990.0	5950.0	20000	1000
A20160128836444	-99	-99	-99	-99
A20160128836374	36375.0	25000.0	100000	1000
A20160128836146	7625.0	6250.0	12000	6000
A20160128836141	48333.333333	10000.0	130000	5000
A20160128836127	19166.666667	20000.0	20000	17500
A20160128836075	12000.0	12000.0	12000	12000
A20160127835981	30000.0	30000.0	50000	10000
A20160127835882	-99	-99	-99	-99
A20160127835812	5250.0	5250.0	10000	500
A20160127835568	28875.0	25000.0	76000	10000
A20160127835559	6666.666667	10000.0	10000	0
A20160127835286	15166.666667	15000.0	21000	10000
A20160127835266	26220.0	15000.0	100000	100
A20160127835148	81000.0	81000.0	81000	81000
A20160127835106	11450.0	10000.0	21000	2000
A20160127835083	-99	-99	-99	-99
A20160127834907	11500.0	11500.0	20000	3000
A20160127834893	19500.0	16000.0	50000	2000
A20160127834851	15200.0	15000.0	50000	2000
A20160127834823	-99	-99	-99	-99
A20160127834676	16666.666667	16000.0	20000	14000
A20160127834599	46840.0	30000.0	124200	10000
A20160127834526	15000.0	15000.0	30000	5000
A20160127834398	9389.0	9389.0	12778	6000
A20160127834365	-99	-99	-99	-99
A20160127834254	23250.0	23250.0	46500	0
A20160127834101	-99	-99	-99	-99
A20160127834060	26800.0	18000.0	49400	13000
A20160127834039	8200.2	8000.0	15000	1
A20160127834015	16666.666667	5000.0	40000	5000
A20160127833965	8666.666667	8000.0	16000	2000
A20160127833911	33770.833333	26500.0	80000	0
A20160127833780	48714.428571	60000.0	100000	1
A20160126833668	13000.0	10000.0	30000	5000
A20160126833533	16866.75	15000.0	27467	10000
A20160126833301	28805.5	26500.0	52000	16000
A20160126833269	17500.0	17500.0	20000	15000
A20160126833213	16000.0	16000.0	20000	12000
A20160126833129	36550.0	36000.0	50000	23650
A20160126833054	7500.0	7500.0	15000	0
A20160126833040	27311.0	20000.0	64444	4800
A20160126832835	-99	-99	-99	-99
A20160126832823	17666.666667	10000.0	40000	3000
A20160126832531	42333.333333	50000.0	67000	10000
A20160126832404	13166.666667	10000.0	24500	5000
A20160126832361	33875.0	19000.0	120000	0
A20160126832324	-99	-99	-99	-99
A20160126832320	10000.0	10000.0	10000	10000
A20160126832161	-99	-99	-99	-99
A20160126832129	25000.0	20000.0	42000	13000
A20160126832107	30400.0	16000.0	100000	6000
A20160126831947	9000.0	9000.0	10000	8000
A20160126831865	8500.0	7500.0	16000	3000
A20160126831704	40666.75	15000.0	200000	1
A20160126831690	-99	-99	-99	-99
A20160126831660	9250.0	10000.0	10000	7000
A20160126831598	27000.0	16000.0	60000	5000
A20160126831590	-99	-99	-99	-99
A20160125831153	57500.0	57500.0	100000	15000
A20160125830982	31138.857143	20000.0	100000	5000
A20160125830970	12800.0	14000.0	16000	8000
A20160125830963	14000.0	14000.0	16000	12000
A20160125830351	15750.0	17500.0	23000	5000
A20160125830195	20787.5	13000.0	51000	9000
A20160125830186	10333.333333	9000.0	16000	6000
A20160125829707	21666.833333	15000.0	50000	1
A20160125829611	43871.571429	50000.0	100000	1
A20160125829607	13625.0	11000.0	22500	10000
A20160125829480	28168.333333	34000.0	50000	10
A20160125829240	35926.0	10000.0	97778	0
A20160125829165	34062.5	40000.0	60000	5000
A20160125829001	33000.0	28500.0	60000	15000
A20160125828957	25500.0	25500.0	30000	21000
A20160125828634	34714.285714	29000.0	65000	10000
A20160123827850	7500.0	7500.0	10000	5000
A20160122827613	14000.0	12000.0	26000	4000
A20160122826849	-99	-99	-99	-99
A20160122826231	-99	-99	-99	-99
A20160122825760	11000.0	5000.0	23000	5000
A20160122825451	30000.0	30000.0	30000	30000
A20160122825301	63333.333333	25000.0	150000	15000
A20160121824741	-99	-99	-99	-99
A20160121823935	-99	-99	-99	-99
A20160120821783	14400.2	10000.0	40000	1
A20160120820655	10400.0	10000.0	21000	3000
A20160120820503	34852.375	28409.5	90000	4000
A20160120820464	14071.571429	10000.0	65000	0
A20160120819712	6000.0	6000.0	7000	5000
A20160119816993	24333.5	15000.0	65000	1
A20160119815989	-99	-99	-99	-99
A20160118815112	27166.666667	27500.0	50000	2000
A20160118813299	13625.0	14750.0	20000	5000
A20160118813242	60000.0	80000.0	100000	0
A20160118813192	15600.0	13000.0	32000	5000
A20160115811118	28357.142857	20000.0	50000	11500
A20160115810832	28000.0	28000.0	50000	6000
A20160115810679	35262.4	19000.0	96312	5000
A20160115810086	-99	-99	-99	-99
A20160114808407	11333.333333	10000.0	15000	9000
A20160114807212	15750.0	15500.0	30000	3000
A20160113805941	10005.0	10005.0	20000	10
A20160113804988	-99	-99	-99	-99
A20160113804865	-99	-99	-99	-99
A20160112803236	9000.0	9000.0	13000	5000
A20160112803227	-99	-99	-99	-99
A20160112801983	-99	-99	-99	-99
A20160112801422	7000.0	5000.0	20000	0
A20160112801137	6666.666667	7000.0	10000	3000
A20160112801039	37200.0	30000.0	80000	20000
A20160111800465	26083.333333	22500.0	50000	500
A20160111799723	-99	-99	-99	-99
A20160111798540	18333.333333	17000.0	28000	10000
A20160108795799	11000.0	11000.0	20000	2000
A20160107794257	23961.0	20000.0	51805	14000
A20160107793195	32472.818182	40000.0	71200	1
A20160106790484	30187.625	28250.0	50000	1
A20160106790259	12000.0	14000.0	18000	5000
A20160105789271	24168.333333	16000.0	80000	10
A20160105789243	23454.545455	20000.0	50000	4000
A20160105788585	18818.181818	14000.0	45000	8500
A20160105786952	3833.666667	1.0	11500	0
A20160104785118	37544.0	38000.0	95740	5700
A20160104784703	-99	-99	-99	-99
A20160104784420	72955.454545	59500.0	150000	10000
A20160104784317	-99	-99	-99	-99
A20151230782877	22285.714286	20000.0	30000	16000
A20151230782560	5000.0	5000.0	5000	5000
A20151230782413	33571.428571	30000.0	50000	20000
A20151230781857	3000.0	3000.0	3000	3000
A20151229779767	29000.0	29000.0	29000	29000
A20151229779496	-99	-99	-99	-99
A20151229779066	-99	-99	-99	-99
A20151224774104	-99	-99	-99	-99
A20151224773666	19777.777778	20000.0	50000	1000
A20151224771986	-99	-99	-99	-99
A20151224771966	83955.0	25000.0	400000	1
A20151223771618	123029.0	86058.0	300000	20000
A20151223770419	8666.666667	10000.0	10000	6000
A20151223769946	14111.222222	13000.0	30000	1
A20151222768772	15000.0	15000.0	15000	15000
A20151222768506	28183.333333	29500.0	60000	100
A20151222767238	12600.0	10000.0	20000	8000
A20151221764188	-99	-99	-99	-99
A20151218762702	-99	-99	-99	-99
A20151218761633	-99	-99	-99	-99
A20151217759536	-99	-99	-99	-99
A20151216757893	13000.0	13000.0	20000	6000
A20151216757073	-99	-99	-99	-99
A20151216756499	-99	-99	-99	-99
A20151215754077	-99	-99	-99	-99
A20151215753992	44630.8	38154.0	77000	30000
A20151215753494	36000.0	36000.0	50000	22000
A20151215752605	49200.0	50000.0	94000	15000
A20151214752195	10000.0	11500.0	16000	2000
A20151214751518	26666.666667	20000.0	50000	10000
A20151214751043	40964.285714	50000.0	80000	10000
A20151214749967	4670.0	5000.0	9000	10
A20151211748445	63851.666667	62500.0	148110	15000
A20151211747391	-99	-99	-99	-99
A20151211747068	35000.0	20000.0	80000	10000
A20151210746012	24000.0	20000.0	50000	2000
A20151210744775	-99	-99	-99	-99
A20151210744682	10000.0	10000.0	10000	10000
A20151210743189	9500.0	9500.0	11000	8000
A20151209741264	10250.0	11500.0	13000	5000
A20151208740049	34000.0	30000.0	75900	100
A20151208739050	21129.666667	20000.0	37389	6000
A20151208737848	54368.636364	49500.0	193555	20000
A20151208737472	12000.0	10000.0	20000	6000
A20151208737450	-99	-99	-99	-99
A20151207736751	20750.0	16500.0	46000	4000
A20151207734783	16166.666667	15000.0	40000	5000
A20151207734702	-99	-99	-99	-99
A20151204733469	26000.0	18000.0	60000	2000
A20151204732731	-99	-99	-99	-99
A20151203730633	-99	-99	-99	-99
A20151203730152	33877.8	10000.0	99389	5000
A20151203730072	7500.0	7500.0	15000	0
A20151203730067	-99	-99	-99	-99
A20151202728660	8000.0	8000.0	12000	4000
A20151202728288	8250.0	8500.0	11000	5000
A20151202728285	20440.0	7000.0	70200	5000
A20151202727245	28142.857143	30000.0	50000	14000
A20151201726604	-99	-99	-99	-99
A20151201726438	-99	-99	-99	-99
A20151201725990	-99	-99	-99	-99
A20151130724004	6750.0	5000.0	15000	2000
A20151130723522	15000.0	15000.0	25000	5000
A20151130722996	45074.0	50000.0	80000	10000
A20151126719564	33714.285714	8000.0	100000	2000
A20151126719506	16666.666667	10000.0	30000	10000
A20151126719506	16666.666667	10000.0	30000	10000
A20151126719489	-99	-99	-99	-99
A20151125718397	-99	-99	-99	-99
A20151125718330	17500.0	15000.0	30000	5000
A20151125718090	18750.0	10000.0	50000	5000
A20151125717194	48000.0	60000.0	60000	10000
A20151124716671	20380.0	18000.0	66800	3000
A20151124716431	-99	-99	-99	-99
A20151124715284	-99	-99	-99	-99
A20151124714934	23469.916667	19500.0	100000	2500
A20151123713761	19666.666667	5000.0	50000	4000
A20151123713581	-99	-99	-99	-99
A20151123713575	-99	-99	-99	-99
A20151123713351	20000.0	20000.0	20000	20000
A20151123712614	25000.333333	25000.0	50000	1
A20151122712137	9666.666667	10000.0	15000	5000
A20151121711925	11000.2	10000.0	30000	1
A20151120711126	-99	-99	-99	-99
A20151120710916	35876.25	36000.0	100000	10
A20151120710689	10666.666667	9500.0	25000	5000
A20151120710073	-99	-99	-99	-99
A20151120709951	28222.222222	16000.0	80000	0
A20151119709198	15000.0	15000.0	20000	10000
A20151119708376	28375.0	30500.0	50500	2000
A20151119707558	19000.142857	21000.0	45000	1
A20151118706203	16000.0	15000.0	26000	4000
A20151118705683	-99	-99	-99	-99
A20151118705525	17010.75	18000.0	42000	2000
A20151118705258	9000.0	9000.0	10000	8000
A20151118705016	57972.166667	50000.0	130000	5000
A20151117703548	10000.0	10000.0	10000	10000
A20151116701510	11000.0	11000.0	20000	2000
A20151116701270	-99	-99	-99	-99
A20151116700789	39250.0	35000.0	77000	10000
A20151116699991	10000.0	10000.0	10000	10000
A20151116699699	19430.0	10000.0	60000	10
A20151113699074	15559.5	12678.5	30000	8000
